%YAML:1.0
---
K1: !!opencv-matrix
   rows: 3
   cols: 3
   dt: d
   data: [ 2.8324841308593750e+02, 0., 3.1591098022460938e+02, 0.,
       2.8387365722656250e+02, 1.9863378906250000e+02, 0., 0., 1. ]
D1: !!opencv-matrix
   rows: 4
   cols: 1
   dt: d
   data: [ -6.5716407261788845e-03, 2.7233980596065521e-02,
       -2.8769437223672867e-02, 1.3190775178372860e-02 ]
K2: !!opencv-matrix
   rows: 3
   cols: 3
   dt: d
   data: [ 2.8747055053710938e+02, 0., 3.1645532226562500e+02, 0.,
       2.8794985961914062e+02, 2.0164651489257812e+02, 0., 0., 1. ]
D2: !!opencv-matrix
   rows: 4
   cols: 1
   dt: d
   data: [ 4.5072160661220551e-02, -1.7886286973953247e-01,
       2.4629153311252594e-01, -1.0743618011474609e-01 ]
P1: !!opencv-matrix
   rows: 3
   cols: 4
   dt: d
   data: [ 2.1526493193370021e+02, 0., 3.0646436636210035e+02, 0., 0.,
       2.1526493193370021e+02, 2.0005115467246165e+02, 0., 0., 0., 1.,
       0. ]
P2: !!opencv-matrix
   rows: 3
   cols: 4
   dt: d
   data: [ 2.1526493193370021e+02, 0., 3.0646436636210035e+02,
       -1.7365122243671176e+03, 0., 2.1526493193370021e+02,
       2.0005115467246165e+02, 0., 0., 0., 1., 0. ]
R: !!opencv-matrix
   rows: 3
   cols: 3
   dt: d
   data: [ 9.9976038932800293e-01, -1.9014397636055946e-02,
       1.0845898650586605e-02, 1.9109569489955902e-02,
       9.9977922439575195e-01, -8.7398188188672066e-03,
       -1.0677320882678032e-02, 8.9449854567646980e-03,
       9.9990296363830566e-01 ]
T: !!opencv-matrix
   rows: 3
   cols: 1
   dt: d
   data: [ -8.0668605864048004e+00, -7.7853014227002859e-04,
       1.2613784056156874e-03 ]
R1: !!opencv-matrix
   rows: 3
   cols: 3
   dt: d
   data: [ 9.9976387782622456e-01, -1.8919307333948122e-02,
       1.0688704499302482e-02, 1.8966381606445776e-02,
       9.9981078891075315e-01, -4.3200400942455643e-03,
       -1.0604949911643517e-02, 4.5217460854000257e-03,
       9.9993354221653685e-01 ]
R2: !!opencv-matrix
   rows: 3
   cols: 3
   dt: d
   data: [ 9.9999998311786176e-01, 9.6509679430639375e-05,
       -1.5636546223323985e-04, -9.5817420403261121e-05,
       9.9999022202679588e-01, 4.4211615918569895e-03,
       1.5679061818388556e-04, -4.4211465346830903e-03,
       9.9999021439213143e-01 ]
Q: !!opencv-matrix
   rows: 4
   cols: 4
   dt: d
   data: [ 1., 0., 0., -3.0646436636210035e+02, 0., 1., 0.,
       -2.0005115467246165e+02, 0., 0., 0., 2.1526493193370021e+02, 0.,
       0., 1.2396396000733874e-01, 0. ]
prInv1: !!opencv-matrix
   rows: 3
   cols: 3
   dt: d
   data: [ 4.6443415973306023e-03, 8.8107159099593894e-05,
       -1.4515560936194956e+00, -8.7888478462321584e-05,
       4.6445595198882032e-03, -8.9769306195072474e-01,
       4.9653719271815753e-05, -2.0068480525086676e-05,
       9.8873116930394356e-01 ]
prInv2: !!opencv-matrix
   rows: 3
   cols: 3
   dt: d
   data: [ 4.6454384099396803e-03, -4.4511393259713754e-07,
       -1.4234155026019666e+00, 4.4832977932680822e-07,
       4.6453930653915544e-03, -9.3387479027545239e-01,
       -7.2638613650923604e-07, 2.0538234222091794e-05,
       9.9610412838812790e-01 ]
Tlr: !!opencv-matrix
   rows: 4
   cols: 4
   dt: d
   data: [ 9.9976037243531779e-01, 1.9109568675210558e-02,
       -1.0677321594818335e-02, 8.0677620960587448e-02,
       -1.9014397039686909e-02, 9.9977916678290502e-01,
       8.9449849885537662e-03, -7.6678969448603675e-04,
       1.0845898253772588e-02, -8.7398191904307244e-03,
       9.9990300900057161e-01, -3.9313678446606230e-04, 0., 0., 0., 1. ]
